# u, v, weight
0, 20, 0.052
1, 21, 0.009
1, 126, 0.0205
2, 22, 0.0075
3, 23, 0.0065
3, 126, 0.0355
4, 24, 0.006
4, 116, 0.0105
5, 25, 0.006
5, 39, 0.009
5, 98, 0.0065
6, 26, 0.006
6, 118, 0.0065
6, 150, 0.0065
7, 27, 0.007
8, 28, 0.0075
9, 29, 0.005
9, 143, 0.0145
9, 173, 0.0255
10, 30, 0.0065
11, 31, 0.0145
11, 48, 0.0185
11, 120, 0.015
12, 32, 0.0065
12, 88, 0.007
13, 33, 0.0055
13, 165, 0.018
13, 292, 0.0255
14, 34, 0.009
14, 85, 0.0105
14, 316, 0.0255
14, 333, 0.0255
15, 35, 0.01
15, 48, 0.0255
16, 36, 0.0055
17, 37, 0.007
17, 83, 0.009
18, 38, 0.008
19, 25, 0.009
19, 39, 0.006
19, 63, 0.009
20, 87, 0.0075
20, 168, 0.0015
21, 56, 0.0005
21, 76, 0.0005
21, 339, 0.0045
22, 43, 0.005
22, 126, 0.018
22, 159, 0.026
22, 178, 0.0065
23, 44, 0.0015
23, 92, 0.0045
23, 140, 0.0045
23, 194, 0.003
24, 45, 0.0015
24, 95, 0.001
24, 116, 0.0045
24, 166, 0.0045
25, 98, 0.0005
25, 105, 0.001
25, 116, 0.0045
25, 166, 0.0045
25, 176, 0.0045
25, 274, 0.0045
26, 40, 0.009
26, 114, 0.009
26, 117, 0.0045
26, 118, 0.0005
26, 150, 0.0005
26, 161, 0.0045
27, 46, 0.0005
27, 54, 0.0045
27, 122, 0.0045
27, 132, 0.0045
27, 334, 0.0045
28, 42, 0.0045
28, 82, 0.0045
28, 96, 0.0045
28, 103, 0.0045
28, 107, 0.0005
28, 162, 0.0005
28, 204, 0.0045
28, 332, 0.0045
29, 73, 0.0005
29, 77, 0.003
29, 110, 0.0045
29, 114, 0.009
29, 153, 0.0105
29, 154, 0.0105
29, 204, 0.009
30, 74, 0.001
30, 170, 0.006
30, 196, 0.009
31, 48, 0.004
31, 120, 0.0005
31, 197, 0.0045
31, 311, 0.0105
32, 42, 0.0045
32, 58, 0.003
32, 88, 0.0005
32, 199, 0.0145
33, 57, 0.0005
33, 106, 0.0065
33, 128, 0.0045
33, 146, 0.0065
33, 222, 0.0045
34, 49, 0.0005
34, 149, 0.0065
34, 230, 0.0065
34, 261, 0.0045
34, 269, 0.0065
35, 89, 0.001
35, 221, 0.0005
35, 336, 0.0045
36, 49, 0.009
36, 50, 0.002
36, 193, 0.0045
37, 57, 0.009
37, 83, 0.002
37, 228, 0.001
37, 296, 0.0045
38, 251, 0.0005
39, 53, 0.0045
39, 105, 0.002
39, 114, 0.001
39, 143, 0.0015
39, 144, 0.0145
39, 166, 0.0045
40, 63, 0.001
40, 65, 0.005
40, 70, 0.008
40, 82, 0.005
40, 84, 0.0045
40, 95, 0.007
40, 110, 0.0045
40, 114, 0.001
40, 155, 0.001
40, 166, 0.0025
40, 167, 0.0055
40, 174, 0.0045
40, 177, 0.001
40, 190, 0.005
40, 206, 0.0045
40, 236, 0.007
40, 274, 0.0015
40, 297, 0.005
40, 327, 0.0055
41, 63, 0.0045
41, 102, 0.0045
41, 119, 0.0045
41, 153, 0.005
41, 175, 0.0005
41, 233, 0.0045
41, 239, 0.0005
41, 271, 0.0045
41, 320, 0.0045
42, 58, 0.0015
42, 67, 0.0045
42, 88, 0.004
42, 93, 0.0005
42, 123, 0.0045
42, 165, 0.001
42, 270, 0.0045
42, 281, 0.0015
42, 290, 0.0045
42, 326, 0.0045
42, 328, 0.0045
43, 91, 0.001
43, 158, 0.0255
43, 179, 0.0065
44, 86, 0.0045
44, 218, 0.0045
44, 235, 0.0005
44, 296, 0.0045
44, 314, 0.007
45, 97, 0.001
45, 155, 0.0045
45, 164, 0.0045
45, 177, 0.0045
45, 181, 0.0045
45, 182, 0.0045
45, 236, 0.0045
45, 256, 0.0045
46, 71, 0.002
46, 210, 0.0045
46, 224, 0.0005
46, 226, 0.0045
46, 256, 0.0045
46, 257, 0.0045
47, 158, 0.0255
47, 170, 0.001
47, 196, 0.002
47, 219, 0.0045
47, 240, 0.0005
47, 259, 0.0045
47, 272, 0.0045
48, 55, 0.0045
48, 59, 0.0145
48, 66, 0.013
48, 120, 0.0045
48, 192, 0.0015
48, 197, 0.0005
48, 288, 0.0045
49, 68, 0.0045
49, 85, 0.001
50, 92, 0.0045
50, 140, 0.0045
50, 230, 0.001
50, 299, 0.0045
51, 78, 0.0005
51, 159, 0.01
51, 179, 0.0045
51, 223, 0.0045
52, 83, 0.0045
52, 92, 0.0005
52, 194, 0.001
52, 195, 0.001
52, 198, 0.006
52, 277, 0.01
52, 314, 0.0045
53, 81, 0.0005
53, 97, 0.001
53, 102, 0.0045
53, 105, 0.0045
53, 116, 0.001
53, 166, 0.001
53, 175, 0.0045
53, 214, 0.0045
53, 219, 0.0065
53, 226, 0.0045
53, 253, 0.0045
53, 259, 0.0065
53, 284, 0.0045
53, 285, 0.0045
54, 65, 0.0065
54, 95, 0.0045
54, 214, 0.0045
54, 236, 0.0005
54, 253, 0.0045
54, 256, 0.0005
54, 257, 0.0005
54, 265, 0.0045
54, 274, 0.004
54, 284, 0.0045
54, 286, 0.0045
55, 66, 0.0085
55, 112, 0.009
55, 125, 0.0045
55, 158, 0.018
55, 160, 0.0075
55, 169, 0.005
55, 171, 0.0005
55, 185, 0.013
55, 201, 0.005
55, 213, 0.001
55, 276, 0.0045
55, 279, 0.005
55, 292, 0.0045
55, 333, 0.0065
55, 335, 0.005
56, 80, 0.0005
56, 112, 0.0015
57, 117, 0.0045
57, 128, 0.004
57, 136, 0.002
58, 72, 0.0045
58, 82, 0.0045
58, 163, 0.0045
58, 185, 0.0045
58, 188, 0.0045
58, 190, 0.0045
58, 271, 0.0045
58, 281, 0.001
58, 332, 0.0045
59, 79, 0.001
59, 192, 0.013
59, 221, 0.0005
59, 258, 0.0045
60, 113, 0.0075
60, 193, 0.0005
60, 217, 0.0005
60, 228, 0.0045
60, 269, 0.003
60, 296, 0.001
61, 139, 0.009
61, 140, 0.001
61, 173, 0.0035
61, 215, 0.0045
61, 218, 0.0005
61, 267, 0.0005
61, 269, 0.0045
61, 296, 0.0005
62, 63, 0.007
62, 104, 0.004
62, 117, 0.0025
62, 145, 0.006
62, 148, 0.0065
62, 153, 0.0105
62, 154, 0.0105
62, 161, 0.0025
62, 183, 0.007
62, 186, 0.009
62, 187, 0.009
62, 189, 0.006
62, 202, 0.007
62, 205, 0.0065
62, 214, 0.006
62, 226, 0.009
62, 244, 0.0065
62, 248, 0.005
62, 254, 0.003
62, 262, 0.001
62, 264, 0.009
62, 265, 0.005
62, 270, 0.0055
62, 282, 0.0015
62, 314, 0.011
62, 317, 0.0055
62, 321, 0.0065
62, 323, 0.007
63, 65, 0.003
63, 71, 0.0045
63, 84, 0.0045
63, 105, 0.002
63, 109, 0.0045
63, 116, 0.0045
63, 153, 0.0015
63, 154, 0.0015
63, 166, 0.0045
63, 182, 0.003
63, 186, 0.007
63, 204, 0.002
63, 206, 0.0005
63, 207, 0.005
63, 208, 0.0025
63, 214, 0.002
63, 248, 0.003
63, 252, 0.0045
63, 270, 0.0045
63, 313, 0.008
63, 317, 0.0045
63, 326, 0.0045
63, 334, 0.0045
64, 65, 0.001
64, 84, 0.0005
64, 102, 0.005
64, 105, 0.005
64, 109, 0.0005
64, 148, 0.0045
64, 153, 0.0045
64, 204, 0.003
64, 206, 0.0045
64, 281, 0.0045
64, 290, 0.0045
64, 332, 0.002
65, 93, 0.0045
65, 99, 0.0045
65, 102, 0.007
65, 104, 0.007
65, 105, 0.007
65, 108, 0.0065
65, 145, 0.009
65, 153, 0.0065
65, 222, 0.011
65, 270, 0.0045
65, 287, 0.003
65, 290, 0.0045
65, 300, 0.0065
65, 307, 0.0065
65, 315, 0.0065
65, 326, 0.0025
65, 327, 0.0065
65, 329, 0.0065
65, 334, 0.0065
66, 75, 0.004
66, 87, 0.004
66, 90, 0.008
66, 112, 0.0085
66, 152, 0.0055
66, 160, 0.009
66, 194, 0.026
66, 197, 0.0125
66, 199, 0.0125
66, 213, 0.0135
66, 263, 0.01
66, 288, 0.0095
66, 294, 0.014
67, 88, 0.0005
67, 163, 0.0005
67, 165, 0.0045
67, 188, 0.0065
67, 222, 0.0145
67, 265, 0.0105
67, 281, 0.003
67, 292, 0.014
68, 104, 0.005
68, 129, 0.007
68, 139, 0.009
68, 141, 0.0015
68, 183, 0.003
68, 189, 0.001
68, 205, 0.0005
68, 210, 0.009
68, 254, 0.005
68, 264, 0.005
68, 283, 0.01
68, 292, 0.0135
68, 304, 0.009
68, 314, 0.007
68, 325, 0.009
68, 338, 0.009
69, 135, 0.0005
69, 181, 0.0005
69, 214, 0.0045
69, 219, 0.0065
69, 226, 0.0015
69, 247, 0.001
69, 253, 0.0045
69, 259, 0.0065
69, 268, 0.0065
69, 284, 0.0045
69, 285, 0.0045
70, 114, 0.009
70, 118, 0.0005
70, 149, 0.0045
70, 150, 0.0005
70, 262, 0.001
70, 282, 0.0005
71, 135, 0.0045
71, 175, 0.0045
71, 182, 0.0045
71, 233, 0.0045
71, 239, 0.0005
71, 271, 0.0045
71, 320, 0.0045
72, 109, 0.0005
72, 123, 0.0045
72, 156, 0.001
72, 162, 0.001
72, 180, 0.0025
72, 243, 0.0005
72, 298, 0.0015
72, 326, 0.0045
73, 82, 0.0045
73, 250, 0.003
73, 297, 0.0045
73, 324, 0.0005
74, 172, 0.0065
74, 227, 0.0005
75, 133, 0.013
75, 151, 0.01
75, 152, 0.0045
75, 246, 0.003
75, 293, 0.0085
75, 294, 0.014
75, 333, 0.011
75, 335, 0.0125
76, 80, 0.0005
77, 93, 0.0045
77, 99, 0.0045
77, 148, 0.0045
77, 157, 0.0045
77, 176, 0.0055
77, 225, 0.0045
77, 232, 0.0045
77, 249, 0.0045
77, 250, 0.0005
78, 121, 0.011
78, 169, 0.001
79, 93, 0.0045
79, 112, 0.018
79, 134, 0.001
79, 180, 0.0045
79, 187, 0.009
79, 192, 0.012
79, 225, 0.0045
79, 289, 0.001
79, 291, 0.009
79, 310, 0.009
79, 311, 0.009
80, 133, 0.0005
80, 201, 0.005
81, 100, 0.003
81, 131, 0.0045
81, 148, 0.0045
81, 153, 0.0065
81, 161, 0.0095
81, 174, 0.0045
81, 175, 0.004
81, 206, 0.0045
81, 208, 0.0025
81, 229, 0.001
81, 247, 0.0015
81, 254, 0.01
81, 257, 0.001
81, 285, 0.004
81, 309, 0.0045
81, 321, 0.0045
82, 84, 0.0005
82, 101, 0.0065
82, 110, 0.0005
82, 115, 0.0015
82, 143, 0.0045
82, 147, 0.0005
82, 155, 0.005
82, 167, 0.0015
82, 174, 0.0045
82, 177, 0.005
82, 180, 0.0065
82, 204, 0.004
82, 208, 0.0045
82, 252, 0.0065
82, 274, 0.0045
82, 328, 0.0045
83, 86, 0.0005
83, 136, 0.009
83, 189, 0.01
83, 230, 0.0045
83, 235, 0.0045
83, 282, 0.0145
83, 299, 0.001
83, 301, 0.013
83, 330, 0.013
83, 337, 0.0125
84, 138, 0.0045
84, 143, 0.005
84, 155, 0.0045
84, 176, 0.005
84, 177, 0.0045
84, 182, 0.0045
84, 185, 0.0045
84, 190, 0.0005
84, 204, 0.0045
84, 210, 0.0045
84, 212, 0.0045
84, 248, 0.0045
84, 268, 0.0005
84, 271, 0.0045
84, 323, 0.0045
84, 338, 0.0035
85, 126, 0.026
85, 161, 0.006
85, 217, 0.0065
85, 230, 0.005
85, 242, 0.0015
86, 173, 0.003
86, 217, 0.0045
86, 267, 0.001
86, 298, 0.018
86, 301, 0.0125
86, 331, 0.013
86, 337, 0.013
87, 125, 0.009
87, 126, 0.003
87, 169, 0.0065
88, 93, 0.0045
89, 94, 0.0005
89, 109, 0.0045
89, 243, 0.0045
89, 258, 0.0045
90, 169, 0.0005
90, 171, 0.005
90, 261, 0.013
90, 263, 0.001
90, 279, 0.0005
90, 293, 0.0045
90, 316, 0.001
91, 169, 0.0105
91, 178, 0.0005
91, 241, 0.0045
91, 277, 0.007
91, 314, 0.0045
91, 316, 0.007
92, 173, 0.0045
92, 220, 0.0045
92, 267, 0.0005
93, 104, 0.0045
93, 167, 0.001
93, 202, 0.0045
93, 210, 0.0045
93, 212, 0.0045
93, 273, 0.0005
93, 301, 0.0045
93, 330, 0.0045
94, 96, 0.0005
94, 107, 0.0045
94, 119, 0.0065
94, 210, 0.0045
94, 221, 0.001
94, 271, 0.0025
94, 273, 0.0045
94, 289, 0.0015
94, 310, 0.0105
95, 97, 0.0015
95, 111, 0.0045
95, 122, 0.0045
95, 247, 0.0015
95, 252, 0.0045
95, 308, 0.0065
96, 101, 0.0005
96, 157, 0.0045
96, 180, 0.0005
96, 206, 0.0065
96, 222, 0.013
96, 225, 0.0045
96, 258, 0.0045
96, 304, 0.009
96, 329, 0.0055
96, 336, 0.0045
97, 100, 0.0045
97, 119, 0.0045
97, 135, 0.0045
97, 233, 0.0045
97, 248, 0.0045
97, 286, 0.0045
97, 320, 0.0045
98, 102, 0.0005
98, 153, 0.001
98, 175, 0.0045
98, 177, 0.0045
99, 103, 0.0005
99, 106, 0.0045
99, 107, 0.0045
99, 115, 0.001
99, 162, 0.0045
99, 185, 0.0045
99, 210, 0.0045
99, 212, 0.0045
99, 248, 0.0045
99, 271, 0.0045
99, 323, 0.0015
99, 326, 0.001
99, 337, 0.003
100, 108, 0.0045
100, 186, 0.005
100, 196, 0.0045
100, 203, 0.0045
100, 247, 0.0045
100, 254, 0.009
100, 261, 0.0135
100, 278, 0.0045
100, 283, 0.004
100, 295, 0.005
100, 306, 0.0005
100, 308, 0.0005
100, 317, 0.0045
100, 327, 0.0045
101, 107, 0.0045
101, 109, 0.003
101, 134, 0.0045
101, 137, 0.0045
101, 156, 0.0045
101, 162, 0.0045
101, 198, 0.018
101, 199, 0.0095
101, 206, 0.006
101, 210, 0.0045
101, 214, 0.0065
101, 220, 0.017
101, 287, 0.0025
101, 290, 0.002
101, 292, 0.01
101, 307, 0.005
101, 325, 0.0035
102, 131, 0.0045
102, 154, 0.0005
102, 174, 0.0045
102, 206, 0.0045
102, 208, 0.0045
103, 106, 0.005
103, 136, 0.009
103, 138, 0.002
103, 139, 0.008
103, 146, 0.005
103, 147, 0.0015
103, 157, 0.0015
103, 167, 0.0005
103, 173, 0.0145
103, 222, 0.009
103, 225, 0.0005
103, 232, 0.0005
103, 274, 0.0045
103, 290, 0.0045
103, 300, 0.0045
103, 301, 0.003
103, 309, 0.0065
103, 315, 0.0045
103, 330, 0.003
104, 106, 0.002
104, 112, 0.021
104, 116, 0.0105
104, 117, 0.0025
104, 123, 0.0055
104, 138, 0.005
104, 139, 0.005
104, 141, 0.0075
104, 146, 0.002
104, 149, 0.0045
104, 153, 0.0105
104, 154, 0.0105
104, 157, 0.0045
104, 161, 0.0035
104, 165, 0.007
104, 183, 0.005
104, 186, 0.004
104, 187, 0.005
104, 188, 0.004
104, 189, 0.005
104, 205, 0.0045
104, 215, 0.0075
104, 225, 0.0045
104, 248, 0.007
104, 254, 0.004
104, 261, 0.0075
104, 273, 0.004
104, 284, 0.006
104, 292, 0.0115
104, 323, 0.004
104, 326, 0.0055
104, 333, 0.0145
104, 336, 0.0105
104, 337, 0.0055
105, 143, 0.0015
105, 153, 0.0015
105, 154, 0.0015
105, 174, 0.0045
105, 206, 0.0045
105, 208, 0.0045
106, 117, 0.0025
106, 118, 0.0045
106, 130, 0.0255
106, 144, 0.0035
106, 146, 0.003
106, 150, 0.0045
106, 161, 0.0035
106, 183, 0.005
106, 244, 0.0075
106, 261, 0.0075
106, 282, 0.0035
106, 299, 0.013
107, 115, 0.0045
107, 147, 0.0045
107, 243, 0.0005
107, 250, 0.0045
107, 281, 0.0045
108, 180, 0.006
108, 185, 0.0045
108, 236, 0.0005
108, 239, 0.0005
108, 271, 0.0045
108, 338, 0.0045
109, 157, 0.001
109, 190, 0.0005
109, 202, 0.0045
109, 287, 0.0045
109, 323, 0.0045
110, 137, 0.0045
110, 156, 0.0045
110, 176, 0.005
110, 188, 0.0045
110, 202, 0.0045
110, 250, 0.001
110, 275, 0.0045
110, 287, 0.0045
110, 297, 0.0005
110, 324, 0.0045
110, 325, 0.0045
110, 338, 0.0045
111, 135, 0.0015
111, 138, 0.0045
111, 181, 0.0015
111, 207, 0.0045
111, 226, 0.0015
111, 233, 0.0005
111, 234, 0.0045
111, 248, 0.0045
111, 256, 0.0015
111, 275, 0.0045
111, 283, 0.0045
111, 285, 0.0045
111, 320, 0.0005
112, 117, 0.0205
112, 151, 0.0055
112, 160, 0.0075
112, 171, 0.0085
112, 192, 0.006
112, 234, 0.007
112, 288, 0.001
112, 335, 0.008
113, 145, 0.003
113, 157, 0.0105
113, 161, 0.0045
113, 173, 0.0065
113, 183, 0.006
113, 188, 0.009
113, 205, 0.0065
113, 210, 0.01
113, 222, 0.001
113, 258, 0.0105
113, 260, 0.0095
113, 261, 0.0075
113, 264, 0.008
113, 292, 0.0145
113, 296, 0.0075
113, 301, 0.009
113, 314, 0.009
113, 330, 0.009
114, 115, 0.0045
114, 132, 0.0045
114, 153, 0.0025
114, 155, 0.001
114, 176, 0.0005
114, 177, 0.001
114, 208, 0.0045
114, 245, 0.0045
115, 176, 0.004
115, 190, 0.0015
115, 214, 0.0045
115, 268, 0.0015
115, 275, 0.0045
115, 297, 0.0015
116, 132, 0.002
116, 155, 0.0015
116, 166, 0.001
116, 175, 0.0045
116, 177, 0.0015
116, 202, 0.0045
116, 208, 0.002
116, 214, 0.0035
116, 236, 0.0055
117, 139, 0.0015
117, 145, 0.0045
117, 146, 0.0025
117, 148, 0.007
117, 183, 0.0055
117, 186, 0.0075
117, 189, 0.0045
117, 202, 0.0055
117, 205, 0.003
117, 207, 0.0085
117, 211, 0.009
117, 231, 0.011
117, 245, 0.007
117, 248, 0.0065
117, 262, 0.0025
117, 264, 0.0075
117, 282, 0.003
117, 309, 0.009
117, 314, 0.0095
117, 315, 0.007
117, 321, 0.008
117, 323, 0.0055
117, 332, 0.0075
117, 333, 0.014
118, 141, 0.009
118, 176, 0.008
118, 177, 0.0075
119, 122, 0.0005
119, 185, 0.004
119, 221, 0.0065
119, 239, 0.001
119, 271, 0.003
119, 306, 0.0045
119, 317, 0.0045
119, 327, 0.0045
119, 334, 0.0015
120, 127, 0.0015
121, 158, 0.007
121, 159, 0.0005
121, 179, 0.018
121, 223, 0.018
121, 251, 0.0015
121, 261, 0.0255
122, 214, 0.0045
122, 224, 0.0045
122, 226, 0.0005
122, 253, 0.0045
122, 256, 0.0005
122, 265, 0.0045
122, 284, 0.0045
122, 286, 0.0045
123, 148, 0.001
123, 164, 0.0065
123, 210, 0.0045
123, 214, 0.0015
123, 229, 0.0045
123, 268, 0.0005
123, 270, 0.002
123, 296, 0.018
123, 323, 0.0045
123, 326, 0.002
123, 332, 0.0015
124, 160, 0.012
124, 170, 0.001
124, 172, 0.0005
124, 227, 0.0055
124, 259, 0.0045
124, 272, 0.0045
125, 130, 0.001
125, 160, 0.004
125, 197, 0.0005
125, 213, 0.0035
125, 288, 0.0045
125, 291, 0.0065
126, 152, 0.0065
126, 158, 0.0085
126, 160, 0.002
126, 168, 0.009
126, 169, 0.0035
127, 130, 0.001
127, 213, 0.0065
127, 291, 0.0105
127, 339, 0.007
128, 129, 0.001
128, 140, 0.009
128, 183, 0.007
128, 187, 0.009
128, 205, 0.0075
128, 217, 0.009
128, 218, 0.0105
128, 222, 0.004
128, 244, 0.0095
128, 254, 0.011
128, 261, 0.0095
128, 264, 0.009
128, 292, 0.0155
128, 314, 0.01
128, 323, 0.011
128, 337, 0.0095
129, 173, 0.0045
129, 183, 0.007
129, 187, 0.009
129, 193, 0.007
129, 228, 0.003
129, 231, 0.0045
129, 244, 0.0085
129, 264, 0.009
129, 314, 0.01
129, 337, 0.0105
130, 146, 0.0255
130, 198, 0.018
130, 201, 0.0105
130, 276, 0.01
130, 309, 0.018
130, 335, 0.0105
131, 175, 0.0005
131, 181, 0.0045
131, 224, 0.0005
131, 229, 0.0045
131, 236, 0.0025
131, 256, 0.0045
132, 154, 0.001
132, 164, 0.0005
132, 177, 0.0045
132, 204, 0.0045
132, 287, 0.0065
132, 317, 0.004
133, 197, 0.0045
133, 201, 0.0045
133, 288, 0.0005
134, 185, 0.001
134, 238, 0.0075
134, 270, 0.0045
134, 271, 0.001
134, 283, 0.01
134, 311, 0.008
134, 329, 0.0045
134, 336, 0.0045
134, 339, 0.0145
135, 161, 0.0095
135, 165, 0.009
135, 188, 0.009
135, 248, 0.003
135, 252, 0.0015
135, 254, 0.01
135, 285, 0.004
135, 286, 0.003
135, 309, 0.0045
135, 317, 0.0045
135, 320, 0.003
135, 321, 0.0045
135, 324, 0.012
136, 144, 0.0005
136, 183, 0.009
137, 147, 0.0045
137, 171, 0.0135
137, 180, 0.0035
137, 185, 0.001
137, 207, 0.005
137, 211, 0.0055
137, 213, 0.013
137, 214, 0.004
137, 216, 0.0055
137, 221, 0.0045
137, 233, 0.007
137, 258, 0.0005
137, 270, 0.0045
137, 271, 0.001
137, 287, 0.002
137, 290, 0.0015
137, 298, 0.0045
137, 302, 0.0145
137, 309, 0.0055
137, 314, 0.012
137, 315, 0.0045
137, 320, 0.007
137, 322, 0.0135
137, 328, 0.0045
137, 329, 0.0035
137, 337, 0.0045
137, 339, 0.0145
138, 145, 0.005
138, 147, 0.0045
138, 174, 0.0045
138, 202, 0.001
138, 206, 0.0045
138, 208, 0.0045
138, 210, 0.004
138, 214, 0.002
138, 245, 0.0045
138, 255, 0.0065
138, 258, 0.0045
138, 281, 0.0045
138, 284, 0.002
138, 295, 0.002
138, 298, 0.0045
138, 313, 0.006
138, 317, 0.0045
138, 331, 0.0045
138, 336, 0.0055
138, 339, 0.0125
139, 140, 0.01
139, 144, 0.0005
139, 188, 0.009
139, 193, 0.009
139, 222, 0.001
139, 254, 0.009
139, 273, 0.009
139, 323, 0.009
139, 326, 0.0085
140, 194, 0.0015
140, 220, 0.0045
140, 222, 0.009
141, 161, 0.007
141, 173, 0.005
141, 179, 0.0145
141, 184, 0.0065
141, 187, 0.0145
141, 207, 0.0125
141, 208, 0.014
141, 215, 0.007
141, 222, 0.0105
141, 223, 0.0115
141, 231, 0.007
141, 242, 0.0005
141, 244, 0.002
141, 260, 0.007
141, 264, 0.0045
141, 282, 0.007
141, 299, 0.0065
141, 300, 0.014
141, 317, 0.013
142, 145, 0.0085
142, 173, 0.005
142, 189, 0.0105
142, 207, 0.0145
142, 215, 0.003
142, 219, 0.0145
142, 220, 0.001
142, 259, 0.0145
142, 265, 0.0145
142, 284, 0.0105
142, 286, 0.0135
142, 304, 0.0105
142, 306, 0.013
142, 314, 0.0045
142, 318, 0.014
142, 322, 0.001
143, 147, 0.005
143, 154, 0.001
143, 155, 0.0005
143, 166, 0.002
143, 204, 0.0045
143, 275, 0.0045
143, 282, 0.009
143, 297, 0.0065
143, 327, 0.005
144, 146, 0.0035
144, 173, 0.007
145, 146, 0.002
145, 148, 0.0065
145, 149, 0.0045
145, 161, 0.0015
145, 183, 0.004
145, 186, 0.004
145, 187, 0.005
145, 188, 0.005
145, 198, 0.0105
145, 205, 0.0035
145, 207, 0.009
145, 220, 0.0095
145, 225, 0.0065
145, 244, 0.0055
145, 248, 0.007
145, 258, 0.0065
145, 261, 0.0055
145, 264, 0.007
145, 287, 0.007
145, 292, 0.0115
145, 296, 0.0105
145, 322, 0.0105
145, 323, 0.006
145, 333, 0.0145
145, 337, 0.0055
146, 147, 0.0065
146, 165, 0.007
146, 173, 0.0085
146, 183, 0.005
146, 184, 0.009
146, 241, 0.011
146, 260, 0.0105
146, 261, 0.0115
146, 314, 0.009
146, 322, 0.0105
147, 155, 0.0045
147, 156, 0.0045
147, 162, 0.0045
147, 182, 0.0045
147, 204, 0.0045
147, 210, 0.0045
147, 212, 0.0045
147, 248, 0.0045
147, 268, 0.0005
147, 287, 0.0045
147, 323, 0.0045
147, 325, 0.0045
147, 338, 0.0045
148, 164, 0.0065
148, 165, 0.0045
148, 181, 0.0045
148, 182, 0.0025
148, 188, 0.0045
148, 190, 0.0045
148, 202, 0.0015
148, 207, 0.0045
148, 211, 0.005
148, 214, 0.0015
148, 216, 0.005
148, 248, 0.0025
148, 273, 0.0045
148, 275, 0.0025
148, 284, 0.0045
148, 292, 0.009
148, 300, 0.005
149, 183, 0.0065
149, 242, 0.0035
149, 254, 0.0005
149, 264, 0.0065
149, 277, 0.013
149, 283, 0.0115
149, 285, 0.0065
149, 300, 0.011
149, 302, 0.013
149, 314, 0.0085
149, 318, 0.006
149, 333, 0.011
150, 176, 0.009
150, 254, 0.0045
151, 171, 0.005
151, 172, 0.0045
151, 177, 0.0145
151, 201, 0.0015
151, 240, 0.0045
151, 272, 0.0005
151, 288, 0.0055
151, 291, 0.0045
151, 307, 0.009
151, 310, 0.0045
151, 335, 0.0005
152, 191, 0.0005
152, 196, 0.0005
152, 209, 0.0005
152, 263, 0.0065
152, 280, 0.0005
152, 308, 0.0045
152, 333, 0.0015
153, 190, 0.0065
153, 204, 0.0015
153, 212, 0.0045
153, 236, 0.0065
153, 239, 0.0045
153, 248, 0.0065
153, 262, 0.0105
153, 274, 0.003
153, 318, 0.009
154, 212, 0.0045
154, 224, 0.0045
154, 239, 0.0045
154, 262, 0.0105
155, 206, 0.0025
155, 247, 0.0065
155, 274, 0.0015
156, 157, 0.0015
156, 207, 0.005
156, 212, 0.003
156, 214, 0.004
156, 216, 0.0055
156, 221, 0.0045
156, 258, 0.0005
156, 271, 0.001
156, 287, 0.002
156, 302, 0.0145
156, 309, 0.0055
156, 320, 0.007
156, 331, 0.0045
156, 337, 0.0045
157, 185, 0.0045
157, 202, 0.0045
157, 204, 0.0045
157, 207, 0.0045
157, 216, 0.005
157, 270, 0.001
157, 287, 0.0015
157, 289, 0.0045
157, 298, 0.002
157, 304, 0.0055
157, 323, 0.0045
157, 325, 0.0015
158, 159, 0.0065
158, 168, 0.0005
158, 194, 0.0355
159, 168, 0.007
159, 253, 0.0215
159, 263, 0.013
160, 170, 0.014
160, 172, 0.0135
160, 179, 0.0145
160, 200, 0.013
160, 201, 0.0145
160, 223, 0.0145
160, 234, 0.0145
160, 266, 0.0145
160, 283, 0.0145
160, 292, 0.014
160, 316, 0.013
160, 333, 0.014
161, 181, 0.0095
161, 184, 0.0055
161, 203, 0.013
161, 215, 0.006
161, 216, 0.008
161, 222, 0.0065
161, 229, 0.0095
161, 242, 0.0055
161, 254, 0.0025
161, 255, 0.011
161, 262, 0.0025
161, 282, 0.003
161, 286, 0.0085
161, 294, 0.007
161, 300, 0.01
161, 302, 0.01
161, 313, 0.0105
161, 314, 0.0105
161, 321, 0.007
161, 327, 0.013
161, 333, 0.013
162, 180, 0.0045
162, 204, 0.004
162, 250, 0.0045
162, 281, 0.0045
163, 165, 0.004
163, 167, 0.0045
163, 216, 0.0105
163, 243, 0.0065
163, 249, 0.0005
163, 250, 0.0045
163, 275, 0.007
163, 298, 0.0045
163, 303, 0.013
163, 325, 0.007
163, 338, 0.007
164, 166, 0.0015
164, 175, 0.002
164, 206, 0.0025
164, 212, 0.003
164, 247, 0.0065
164, 274, 0.0045
164, 285, 0.007
164, 287, 0.007
164, 317, 0.0045
164, 325, 0.007
165, 167, 0.0005
165, 249, 0.0045
165, 270, 0.0045
165, 281, 0.0015
165, 290, 0.0045
165, 298, 0.0005
165, 300, 0.0065
166, 214, 0.0035
166, 224, 0.0045
166, 229, 0.0045
166, 248, 0.0045
166, 257, 0.0045
166, 274, 0.003
166, 312, 0.009
166, 317, 0.003
166, 321, 0.004
167, 185, 0.0045
167, 190, 0.0015
167, 214, 0.0045
167, 222, 0.0105
167, 271, 0.0045
167, 274, 0.005
167, 275, 0.0045
167, 287, 0.0025
167, 289, 0.0045
167, 301, 0.0045
167, 325, 0.0045
167, 330, 0.0045
167, 338, 0.0045
168, 240, 0.0255
168, 283, 0.0255
169, 276, 0.0005
169, 277, 0.0045
169, 293, 0.005
169, 302, 0.0045
169, 333, 0.0065
170, 234, 0.0045
170, 305, 0.0045
171, 197, 0.0045
171, 200, 0.002
171, 201, 0.0045
171, 214, 0.0145
171, 276, 0.005
171, 279, 0.0045
171, 291, 0.0055
171, 293, 0.0045
171, 300, 0.011
171, 301, 0.0125
171, 304, 0.0105
171, 310, 0.0055
171, 311, 0.0055
171, 313, 0.0065
171, 335, 0.0045
172, 209, 0.0045
172, 227, 0.007
172, 237, 0.0005
172, 278, 0.0045
173, 183, 0.0055
173, 187, 0.0105
173, 189, 0.0095
173, 193, 0.0045
173, 198, 0.007
173, 222, 0.0065
173, 228, 0.0045
173, 242, 0.0045
173, 244, 0.006
173, 254, 0.0105
173, 260, 0.005
173, 261, 0.009
173, 264, 0.0075
173, 268, 0.0145
173, 299, 0.0025
173, 301, 0.0115
174, 177, 0.0045
174, 181, 0.0045
174, 182, 0.0045
174, 204, 0.0045
174, 207, 0.0045
174, 212, 0.0005
174, 229, 0.0035
174, 261, 0.014
174, 270, 0.001
174, 271, 0.0045
174, 273, 0.0045
174, 274, 0.001
174, 284, 0.0045
174, 317, 0.002
174, 332, 0.0045
174, 334, 0.006
174, 338, 0.0045
175, 206, 0.0045
175, 211, 0.0045
175, 229, 0.004
175, 252, 0.0045
175, 290, 0.0065
176, 204, 0.0035
176, 212, 0.0065
176, 239, 0.0065
176, 274, 0.002
176, 282, 0.009
177, 206, 0.0045
177, 274, 0.0015
177, 327, 0.0055
178, 198, 0.0005
178, 218, 0.0045
178, 220, 0.0015
178, 260, 0.0045
178, 277, 0.0065
178, 302, 0.0035
178, 316, 0.0065
179, 199, 0.005
179, 223, 0.002
179, 253, 0.007
179, 255, 0.0075
179, 277, 0.0015
179, 292, 0.0065
179, 294, 0.0045
179, 302, 0.0015
179, 310, 0.008
179, 314, 0.007
179, 316, 0.0015
179, 336, 0.0145
180, 185, 0.0045
180, 189, 0.0105
180, 206, 0.006
180, 214, 0.0065
180, 225, 0.004
180, 271, 0.0045
180, 273, 0.0045
180, 287, 0.0025
180, 315, 0.007
180, 325, 0.0045
180, 338, 0.0045
181, 206, 0.0045
181, 208, 0.0045
181, 229, 0.001
181, 254, 0.01
181, 256, 0.001
181, 257, 0.001
181, 285, 0.004
181, 309, 0.0045
181, 321, 0.0045
182, 202, 0.003
182, 206, 0.0045
182, 208, 0.0045
182, 214, 0.002
182, 229, 0.001
182, 244, 0.0145
182, 248, 0.001
182, 284, 0.002
182, 308, 0.0045
182, 309, 0.0025
182, 321, 0.0035
182, 329, 0.0065
183, 187, 0.002
183, 189, 0.003
183, 210, 0.009
183, 215, 0.0045
183, 254, 0.006
183, 261, 0.0085
183, 264, 0.007
183, 268, 0.009
183, 284, 0.003
183, 300, 0.0055
183, 301, 0.005
183, 317, 0.0105
184, 185, 0.009
184, 187, 0.002
184, 198, 0.0105
184, 215, 0.0045
184, 216, 0.0065
184, 242, 0.007
184, 245, 0.0075
184, 254, 0.009
184, 261, 0.0055
184, 264, 0.007
184, 271, 0.009
184, 277, 0.0045
184, 292, 0.0055
184, 294, 0.0015
184, 296, 0.0105
184, 314, 0.009
184, 329, 0.0025
185, 195, 0.0185
185, 199, 0.008
185, 232, 0.0045
185, 281, 0.0045
185, 287, 0.002
185, 289, 0.001
185, 307, 0.0045
185, 313, 0.007
185, 314, 0.013
185, 322, 0.0145
185, 331, 0.0045
185, 336, 0.0015
185, 338, 0.001
185, 339, 0.0135
186, 189, 0.007
186, 199, 0.006
186, 200, 0.0065
186, 216, 0.0025
186, 258, 0.0065
186, 282, 0.0105
186, 284, 0.003
186, 290, 0.0065
186, 292, 0.0065
186, 300, 0.0035
186, 303, 0.005
186, 304, 0.003
186, 309, 0.0055
186, 313, 0.005
186, 315, 0.0045
186, 321, 0.0065
186, 329, 0.0015
186, 336, 0.0065
186, 339, 0.0115
187, 188, 0.004
187, 198, 0.0095
187, 210, 0.009
187, 220, 0.0085
187, 222, 0.009
187, 241, 0.009
187, 248, 0.009
187, 260, 0.0085
187, 273, 0.009
187, 302, 0.0065
187, 314, 0.007
187, 315, 0.0065
187, 318, 0.0095
187, 322, 0.0085
187, 323, 0.009
187, 329, 0.0045
188, 189, 0.006
188, 207, 0.004
188, 211, 0.0045
188, 216, 0.0045
188, 222, 0.008
188, 225, 0.0015
188, 258, 0.0015
188, 268, 0.003
188, 270, 0.0045
188, 298, 0.0045
188, 315, 0.0025
188, 317, 0.0055
188, 323, 0.003
188, 325, 0.002
188, 328, 0.0045
188, 329, 0.0005
188, 331, 0.0015
188, 338, 0.002
189, 207, 0.009
189, 208, 0.0105
189, 231, 0.0095
189, 260, 0.0095
189, 262, 0.006
189, 283, 0.009
189, 284, 0.002
189, 285, 0.011
189, 301, 0.007
189, 318, 0.0105
189, 321, 0.0105
189, 322, 0.0095
189, 323, 0.004
189, 330, 0.007
189, 333, 0.0145
189, 337, 0.0065
190, 204, 0.005
190, 225, 0.0015
190, 232, 0.0015
190, 290, 0.0045
190, 297, 0.001
191, 201, 0.0045
191, 234, 0.0045
191, 237, 0.001
191, 313, 0.0045
192, 213, 0.002
192, 238, 0.0045
192, 310, 0.004
192, 315, 0.0105
193, 218, 0.0005
193, 222, 0.008
193, 235, 0.0045
193, 242, 0.007
193, 261, 0.0055
193, 266, 0.009
193, 269, 0.0045
193, 275, 0.018
193, 295, 0.013
193, 296, 0.0045
193, 318, 0.0145
194, 217, 0.0045
194, 258, 0.018
194, 279, 0.0145
194, 296, 0.006
195, 217, 0.0045
195, 235, 0.001
195, 258, 0.018
195, 271, 0.0185
195, 299, 0.0045
196, 201, 0.0045
196, 303, 0.0045
196, 313, 0.0045
196, 335, 0.0045
197, 310, 0.005
197, 316, 0.0105
197, 339, 0.0015
198, 241, 0.0045
198, 260, 0.004
198, 261, 0.009
198, 263, 0.01
198, 269, 0.007
198, 277, 0.007
198, 283, 0.0145
198, 292, 0.008
198, 300, 0.013
198, 301, 0.0145
198, 314, 0.0035
198, 315, 0.013
199, 200, 0.0005
199, 203, 0.0045
199, 277, 0.0065
199, 280, 0.0045
199, 283, 0.005
199, 287, 0.009
199, 289, 0.009
199, 292, 0.0015
199, 293, 0.002
199, 295, 0.005
199, 302, 0.0065
199, 313, 0.002
199, 315, 0.0045
200, 203, 0.004
200, 235, 0.018
200, 272, 0.0045
200, 277, 0.006
200, 279, 0.0055
200, 290, 0.008
200, 291, 0.0005
200, 305, 0.0045
200, 307, 0.013
200, 311, 0.0005
200, 315, 0.005
200, 316, 0.005
200, 329, 0.005
200, 335, 0.0045
201, 255, 0.0045
201, 288, 0.005
201, 310, 0.005
201, 312, 0.0045
201, 319, 0.0045
202, 206, 0.0045
202, 214, 0.002
202, 222, 0.01
202, 248, 0.003
202, 274, 0.0045
202, 275, 0.002
202, 317, 0.0045
202, 326, 0.0005
203, 209, 0.001
203, 233, 0.0045
203, 234, 0.0005
203, 253, 0.0045
203, 272, 0.0005
203, 278, 0.001
203, 286, 0.0045
203, 291, 0.0045
203, 303, 0.0025
203, 305, 0.0005
203, 311, 0.0045
203, 320, 0.0045
204, 208, 0.0045
204, 270, 0.0035
204, 274, 0.0045
204, 328, 0.0045
205, 211, 0.01
205, 231, 0.009
205, 260, 0.009
205, 264, 0.0075
205, 282, 0.005
205, 284, 0.0025
205, 317, 0.01
205, 318, 0.011
205, 323, 0.0045
206, 207, 0.0045
206, 210, 0.0025
206, 212, 0.0025
206, 216, 0.007
206, 229, 0.0035
206, 236, 0.0025
206, 256, 0.0045
206, 271, 0.0045
206, 274, 0.002
206, 275, 0.0045
206, 284, 0.0045
206, 287, 0.0045
206, 309, 0.005
206, 325, 0.0045
206, 338, 0.0045
207, 208, 0.0045
207, 210, 0.004
207, 211, 0.0015
207, 214, 0.004
207, 265, 0.003
207, 275, 0.003
207, 278, 0.0045
207, 284, 0.001
207, 286, 0.001
207, 287, 0.005
207, 288, 0.013
207, 290, 0.0065
207, 300, 0.0045
207, 321, 0.0015
207, 323, 0.005
207, 336, 0.0055
207, 338, 0.005
208, 214, 0.0025
208, 245, 0.001
208, 254, 0.0105
208, 256, 0.0045
208, 257, 0.0045
208, 261, 0.014
208, 262, 0.0065
208, 270, 0.001
208, 274, 0.001
208, 282, 0.006
208, 284, 0.0045
208, 285, 0.0045
208, 317, 0.001
208, 332, 0.0045
209, 266, 0.0105
209, 312, 0.001
209, 319, 0.001
209, 320, 0.0045
210, 211, 0.0045
210, 214, 0.003
210, 216, 0.0045
210, 270, 0.0015
210, 274, 0.0045
210, 303, 0.005
210, 304, 0.005
210, 309, 0.0045
210, 323, 0.004
210, 325, 0.001
210, 326, 0.0045
210, 334, 0.0005
211, 212, 0.0025
211, 214, 0.0045
211, 219, 0.0045
211, 226, 0.0045
211, 229, 0.0045
211, 252, 0.003
211, 256, 0.0015
211, 257, 0.0045
211, 265, 0.0045
211, 267, 0.018
211, 268, 0.0065
211, 284, 0.0015
211, 295, 0.0065
211, 296, 0.017
211, 303, 0.0045
211, 304, 0.0045
211, 308, 0.002
211, 309, 0.002
211, 315, 0.006
211, 317, 0.002
211, 323, 0.0055
211, 338, 0.0055
212, 287, 0.003
212, 307, 0.0005
212, 308, 0.0045
212, 309, 0.0045
212, 317, 0.0045
212, 327, 0.0005
212, 328, 0.0005
212, 336, 0.0045
213, 300, 0.0105
214, 216, 0.0045
214, 225, 0.0045
214, 232, 0.0045
214, 248, 0.002
214, 250, 0.0045
214, 258, 0.0045
214, 287, 0.004
214, 295, 0.005
214, 298, 0.0045
214, 309, 0.0045
214, 328, 0.0015
214, 334, 0.0045
214, 336, 0.0045
214, 338, 0.004
215, 216, 0.007
215, 260, 0.003
215, 263, 0.007
215, 264, 0.0025
215, 266, 0.0025
215, 300, 0.008
215, 302, 0.006
215, 304, 0.0075
215, 314, 0.0015
215, 316, 0.007
215, 318, 0.009
215, 322, 0.003
216, 219, 0.0045
216, 233, 0.0065
216, 245, 0.005
216, 248, 0.0045
216, 254, 0.0085
216, 259, 0.0045
216, 261, 0.011
216, 265, 0.0045
216, 268, 0.0065
216, 284, 0.0015
216, 285, 0.0025
216, 286, 0.0015
216, 287, 0.0055
216, 290, 0.007
216, 292, 0.004
216, 293, 0.0035
216, 302, 0.011
216, 304, 0.0015
216, 306, 0.003
216, 313, 0.0035
216, 336, 0.007
216, 338, 0.0055
217, 220, 0.0045
217, 222, 0.009
217, 230, 0.0005
217, 231, 0.0045
217, 242, 0.007
217, 244, 0.0065
217, 260, 0.0045
217, 269, 0.0045
218, 222, 0.0105
218, 241, 0.0005
218, 263, 0.013
218, 264, 0.0045
218, 269, 0.005
219, 220, 0.0145
219, 253, 0.001
219, 303, 0.002
219, 309, 0.0045
219, 319, 0.0005
219, 321, 0.0045
220, 255, 0.013
220, 286, 0.0145
220, 287, 0.0155
220, 313, 0.0125
220, 314, 0.0035
221, 287, 0.0045
221, 325, 0.0045
221, 338, 0.0045
222, 231, 0.0065
222, 264, 0.009
222, 287, 0.01
222, 299, 0.006
222, 314, 0.01
222, 317, 0.0115
222, 333, 0.0185
223, 230, 0.0145
223, 253, 0.007
223, 255, 0.0075
223, 261, 0.0105
223, 266, 0.003
223, 277, 0.0015
223, 292, 0.0065
223, 294, 0.0045
223, 302, 0.0015
223, 314, 0.007
223, 316, 0.0015
223, 336, 0.0145
224, 252, 0.0045
225, 233, 0.0065
225, 273, 0.0005
225, 275, 0.0025
225, 281, 0.002
225, 284, 0.0045
225, 287, 0.0025
225, 292, 0.009
225, 325, 0.0025
225, 338, 0.0025
226, 239, 0.007
226, 249, 0.0125
226, 255, 0.0045
226, 265, 0.004
226, 282, 0.0105
226, 321, 0.0045
226, 324, 0.013
227, 246, 0.0005
228, 231, 0.0015
228, 267, 0.0045
229, 245, 0.0045
229, 252, 0.0005
229, 255, 0.0045
229, 270, 0.0045
229, 274, 0.0045
229, 286, 0.002
229, 306, 0.0045
229, 317, 0.0025
229, 321, 0.0035
229, 326, 0.0045
230, 241, 0.0045
231, 244, 0.009
231, 299, 0.0005
231, 331, 0.013
231, 337, 0.012
232, 268, 0.0015
232, 271, 0.0045
232, 275, 0.0045
232, 301, 0.0045
232, 325, 0.0045
232, 332, 0.0005
232, 338, 0.0045
233, 247, 0.0045
233, 252, 0.0015
233, 255, 0.0025
233, 258, 0.0065
233, 270, 0.0045
233, 283, 0.004
233, 286, 0.002
233, 307, 0.0045
233, 309, 0.0005
233, 317, 0.0045
233, 318, 0.0045
233, 319, 0.0045
233, 321, 0.0025
233, 327, 0.0045
233, 328, 0.0045
234, 254, 0.012
234, 255, 0.0045
234, 259, 0.001
234, 265, 0.009
234, 280, 0.0005
234, 306, 0.0045
235, 241, 0.0045
236, 274, 0.0045
236, 308, 0.0045
236, 317, 0.0045
237, 240, 0.0005
237, 253, 0.0045
237, 293, 0.0045
237, 335, 0.0045
238, 272, 0.0045
238, 291, 0.0005
238, 310, 0.0005
238, 315, 0.007
238, 335, 0.0035
238, 339, 0.007
239, 290, 0.0045
239, 307, 0.0005
239, 308, 0.0045
239, 309, 0.0045
239, 327, 0.0005
240, 257, 0.009
240, 278, 0.0045
240, 312, 0.0045
240, 319, 0.0045
241, 242, 0.007
241, 260, 0.0005
241, 269, 0.0045
241, 295, 0.011
241, 322, 0.0005
242, 244, 0.0005
242, 260, 0.0065
242, 296, 0.0055
242, 299, 0.007
243, 268, 0.0045
243, 273, 0.0045
244, 254, 0.0045
244, 261, 0.001
244, 264, 0.0045
244, 269, 0.003
244, 283, 0.0095
244, 300, 0.014
244, 318, 0.009
244, 333, 0.013
245, 248, 0.0005
245, 254, 0.0105
245, 262, 0.0045
245, 265, 0.0015
245, 266, 0.0105
245, 268, 0.0045
245, 275, 0.0045
245, 321, 0.003
245, 323, 0.0065
246, 261, 0.021
246, 293, 0.0105
247, 248, 0.0045
247, 286, 0.0045
247, 320, 0.0045
248, 252, 0.0045
248, 262, 0.005
248, 270, 0.0015
248, 282, 0.0055
248, 284, 0.002
248, 302, 0.0145
248, 304, 0.005
248, 307, 0.0065
248, 317, 0.0015
249, 274, 0.009
249, 297, 0.0045
249, 298, 0.004
249, 324, 0.0005
250, 273, 0.0045
250, 281, 0.002
250, 332, 0.0045
252, 253, 0.0045
252, 256, 0.0005
252, 257, 0.0005
252, 265, 0.0035
252, 268, 0.0065
252, 272, 0.0065
252, 303, 0.0045
252, 305, 0.0065
252, 327, 0.005
253, 259, 0.001
253, 261, 0.0105
253, 279, 0.008
253, 283, 0.004
253, 285, 0.002
253, 292, 0.0065
253, 294, 0.0065
253, 306, 0.0005
253, 313, 0.002
253, 316, 0.0075
253, 333, 0.0025
254, 262, 0.003
254, 264, 0.007
254, 282, 0.0035
254, 285, 0.007
254, 286, 0.008
254, 301, 0.012
254, 306, 0.0085
254, 313, 0.01
254, 314, 0.009
254, 318, 0.0065
254, 321, 0.0075
254, 330, 0.013
255, 256, 0.0045
255, 257, 0.0045
255, 275, 0.0065
255, 278, 0.001
255, 283, 0.0035
255, 285, 0.0045
255, 293, 0.0035
255, 294, 0.007
255, 303, 0.0005
255, 304, 0.0045
255, 305, 0.0045
255, 313, 0.0005
255, 315, 0.005
255, 320, 0.0025
255, 334, 0.005
255, 335, 0.0025
255, 338, 0.0065
256, 280, 0.0065
256, 287, 0.006
256, 321, 0.0045
257, 274, 0.0045
257, 320, 0.002
257, 321, 0.0045
258, 268, 0.0045
258, 273, 0.0005
258, 275, 0.0025
258, 292, 0.009
258, 295, 0.0045
258, 323, 0.0045
259, 278, 0.0005
259, 303, 0.002
259, 309, 0.0045
259, 319, 0.0005
260, 261, 0.005
260, 264, 0.0035
260, 284, 0.0105
260, 296, 0.006
260, 300, 0.01
260, 302, 0.007
260, 314, 0.0025
260, 315, 0.01
260, 318, 0.014
261, 269, 0.003
261, 283, 0.0105
261, 286, 0.0105
261, 301, 0.0145
261, 306, 0.011
261, 318, 0.009
261, 333, 0.012
262, 304, 0.009
263, 266, 0.0045
263, 293, 0.0035
263, 305, 0.0065
263, 310, 0.0095
263, 335, 0.0065
264, 269, 0.0005
264, 294, 0.0065
264, 300, 0.0095
264, 304, 0.009
264, 322, 0.0045
265, 270, 0.0065
265, 277, 0.0105
265, 282, 0.0065
265, 283, 0.009
265, 284, 0.001
265, 294, 0.0075
265, 304, 0.005
265, 307, 0.0055
265, 308, 0.0045
265, 318, 0.0035
265, 321, 0.0045
265, 328, 0.0065
266, 277, 0.0045
266, 283, 0.007
266, 294, 0.0015
266, 302, 0.0045
266, 314, 0.007
266, 316, 0.0045
267, 290, 0.018
268, 274, 0.0035
268, 281, 0.0045
268, 309, 0.0065
269, 302, 0.009
269, 306, 0.013
269, 314, 0.0045
269, 322, 0.004
270, 275, 0.0005
270, 286, 0.0045
270, 296, 0.018
270, 297, 0.0045
270, 321, 0.003
270, 326, 0.002
271, 281, 0.0045
271, 287, 0.002
271, 290, 0.0015
271, 313, 0.007
271, 314, 0.013
271, 322, 0.0145
271, 325, 0.001
271, 327, 0.0045
271, 328, 0.0045
271, 331, 0.0045
271, 336, 0.0005
271, 338, 0.001
272, 291, 0.004
272, 306, 0.0045
273, 315, 0.0045
273, 337, 0.0045
274, 312, 0.009
274, 324, 0.0085
274, 334, 0.004
275, 281, 0.0045
275, 284, 0.003
275, 290, 0.0045
275, 309, 0.0035
275, 317, 0.0045
275, 328, 0.0005
275, 331, 0.0065
275, 336, 0.0045
275, 337, 0.0065
275, 338, 0.003
276, 279, 0.0005
276, 293, 0.0045
277, 279, 0.0035
277, 291, 0.0065
277, 292, 0.005
277, 294, 0.003
277, 311, 0.0065
277, 313, 0.0075
277, 314, 0.0055
277, 336, 0.013
278, 283, 0.0045
278, 312, 0.002
279, 293, 0.005
279, 294, 0.0065
279, 302, 0.0045
279, 310, 0.01
279, 333, 0.0065
279, 335, 0.007
279, 339, 0.0105
280, 305, 0.0005
280, 335, 0.0045
281, 287, 0.0045
281, 323, 0.0045
281, 324, 0.0045
281, 325, 0.0045
281, 338, 0.0045
283, 292, 0.0065
283, 293, 0.004
283, 294, 0.0055
283, 300, 0.0095
283, 303, 0.005
283, 312, 0.0055
283, 320, 0.007
283, 329, 0.0035
283, 333, 0.0065
283, 339, 0.0105
284, 306, 0.0045
284, 309, 0.0015
284, 315, 0.0015
284, 321, 0.0045
284, 322, 0.0105
284, 337, 0.0055
285, 286, 0.002
285, 309, 0.0045
285, 312, 0.0045
285, 315, 0.0045
285, 318, 0.0005
285, 321, 0.0015
286, 292, 0.0075
286, 303, 0.002
286, 304, 0.002
286, 308, 0.0015
286, 312, 0.0045
286, 315, 0.0035
286, 317, 0.0045
286, 319, 0.0045
286, 329, 0.0045
287, 290, 0.0015
287, 292, 0.0085
287, 295, 0.005
287, 309, 0.0055
287, 313, 0.008
287, 320, 0.007
287, 325, 0.002
287, 329, 0.0045
287, 336, 0.0045
287, 338, 0.002
287, 339, 0.0145
288, 339, 0.0025
289, 290, 0.0005
289, 291, 0.009
289, 307, 0.0045
289, 310, 0.009
289, 311, 0.008
289, 329, 0.0045
289, 336, 0.0015
290, 313, 0.0075
290, 334, 0.003
290, 338, 0.0015
290, 339, 0.014
291, 333, 0.0045
292, 294, 0.007
292, 300, 0.005
292, 301, 0.0065
292, 302, 0.005
292, 304, 0.0045
292, 312, 0.005
292, 314, 0.0095
292, 315, 0.005
292, 329, 0.005
293, 294, 0.0065
293, 305, 0.002
293, 312, 0.0045
293, 313, 0.001
293, 319, 0.0045
293, 333, 0.0015
293, 336, 0.0095
293, 339, 0.0075
294, 312, 0.008
294, 313, 0.0065
294, 336, 0.01
294, 339, 0.014
295, 300, 0.0005
295, 314, 0.009
295, 315, 0.0005
295, 321, 0.0065
295, 329, 0.0005
295, 331, 0.0015
295, 336, 0.0065
296, 299, 0.0015
296, 317, 0.018
296, 328, 0.018
296, 329, 0.013
297, 298, 0.0005
297, 324, 0.004
298, 323, 0.0045
298, 324, 0.0045
299, 301, 0.012
299, 330, 0.013
300, 301, 0.0015
300, 314, 0.0085
300, 315, 0.003
300, 322, 0.01
301, 315, 0.0045
301, 317, 0.0065
301, 331, 0.0005
301, 337, 0.0005
302, 304, 0.0115
302, 314, 0.0055
302, 318, 0.013
302, 325, 0.0145
302, 338, 0.0145
303, 306, 0.0015
303, 309, 0.0025
303, 313, 0.003
303, 315, 0.0065
303, 318, 0.0045
303, 321, 0.0045
303, 328, 0.0065
303, 336, 0.0065
303, 338, 0.006
304, 306, 0.0045
304, 313, 0.004
304, 315, 0.0005
304, 318, 0.0045
304, 321, 0.0045
304, 326, 0.0045
304, 328, 0.0065
304, 329, 0.0025
304, 331, 0.0045
305, 306, 0.0045
305, 333, 0.0015
306, 312, 0.002
306, 313, 0.0045
306, 314, 0.0135
306, 315, 0.005
307, 309, 0.004
307, 320, 0.0045
307, 334, 0.001
307, 338, 0.0045
308, 320, 0.0005
308, 321, 0.002
308, 327, 0.004
308, 329, 0.007
309, 327, 0.004
309, 329, 0.007
309, 334, 0.004
309, 338, 0.0055
310, 311, 0.001
310, 339, 0.0065
311, 333, 0.0045
311, 335, 0.003
311, 339, 0.0065
312, 313, 0.0025
313, 315, 0.0045
313, 325, 0.007
313, 329, 0.0065
313, 336, 0.0065
313, 338, 0.007
313, 339, 0.0075
314, 315, 0.0085
314, 318, 0.0125
314, 322, 0.0025
314, 338, 0.012
315, 318, 0.005
315, 322, 0.01
315, 323, 0.0035
315, 330, 0.0045
315, 338, 0.0045
315, 339, 0.011
317, 320, 0.0045
317, 321, 0.002
317, 323, 0.0055
317, 330, 0.0065
317, 331, 0.007
317, 337, 0.007
318, 320, 0.0045
318, 322, 0.014
318, 331, 0.007
320, 327, 0.0045
320, 328, 0.0045
321, 323, 0.0065
321, 331, 0.007
322, 329, 0.013
322, 338, 0.0135
323, 326, 0.0035
323, 331, 0.0045
323, 337, 0.0035
325, 331, 0.0045
325, 336, 0.0045
325, 337, 0.0045
325, 338, 0.001
326, 332, 0.0045
326, 334, 0.007
326, 336, 0.006
327, 338, 0.0045
328, 332, 0.0045
328, 336, 0.004
329, 338, 0.0045
330, 331, 0.0005
330, 337, 0.0005
331, 332, 0.0035
332, 336, 0.0065
332, 337, 0.0045
333, 335, 0.0015
334, 336, 0.002
335, 339, 0.0075
337, 338, 0.0045
338, 339, 0.0145
