7,,,,,,
0,0.17021,0.06122,0.08163,0.08163,0.08163,0.06122
0.17021,0,0.12766,0.21277,0.21277,0.21277,0.19149
0.06122,0.12766,0,0.10204,0.10204,0.10204,0.08163
0.08163,0.21277,0.10204,0,0.04082,0.04082,0.02041
0.08163,0.21277,0.10204,0.04082,0,0.04082,0.04082
0.08163,0.21277,0.10204,0.04082,0.04082,0,0.04082
0.06122,0.19149,0.08163,0.02041,0.04082,0.04082,0